1 2
1 3
1 4
1 5
1 6
1 7
1 8
1 9
1 10
1 11
2 44
2 53
2 54
2 65
2 66
2 69
2 70
2 71
2 102
2 119
2 126
2 127
2 128
2 129
2 130
2 131
2 136
2 149
2 157
2 158
2 168
2 176
2 177
2 178
2 179
2 193
2 195
2 211
2 237
2 238
2 244
2 245
2 313
2 374
2 375
2 436
2 437
2 455
2 456
2 457
2 463
2 464
2 481
2 482
2 486
2 488
2 516
2 517
2 518
2 549
2 550
2 554
2 556
2 643
2 647
2 649
2 679
2 723
2 740
2 768
2 777
2 778
2 861
2 883
2 968
2 969
2 1071
2 1162
2 1304
2 1305
2 1392
2 1409
2 1475
2 1511
2 1563
2 1566
2 1567
3 15
3 16
3 17
3 48
3 58
3 59
3 62
3 89
3 91
3 92
3 121
3 122
3 132
3 133
3 134
3 137
3 140
3 143
3 152
3 154
3 181
3 252
3 253
3 254
3 255
3 260
3 277
3 296
3 318
3 323
3 325
3 327
3 335
3 336
3 347
3 356
3 378
3 386
3 492
3 502
3 504
3 548
3 562
3 566
3 576
3 580
3 586
3 591
3 592
3 607
3 608
3 619
3 640
3 648
3 654
3 709
3 724
3 738
3 906
3 952
3 960
3 978
3 979
3 1002
3 1005
3 1029
3 1053
3 1081
3 1104
3 1204
3 1224
3 1340
3 1360
3 1370
3 1371
3 1372
3 1373
3 1374
3 1375
3 1377
3 1378
3 1379
3 1381
3 1382
3 1573
4 76
4 324
4 326
4 329
4 510
4 748
4 823
4 840
4 918
4 1367
4 1530
4 1531
4 1681
5 99
5 246
5 247
5 256
5 500
5 878
5 879
5 905
5 1047
6 170
6 171
7 156
7 169
7 400
7 401
7 402
8 30
8 123
8 124
8 138
8 250
8 278
8 346
8 348
8 349
8 462
8 531
8 532
8 552
8 560
8 561
8 575
8 578
8 707
8 744
8 764
8 765
8 859
8 920
8 925
8 993
8 1065
8 1072
8 1088
8 1293
8 1385
8 1450
8 1451
8 1494
8 1606
8 1607
8 1608
8 1609
8 1610
8 1611
9 26
9 45
9 46
9 47
9 172
9 173
9 175
9 186
9 333
9 358
9 379
9 458
9 507
9 508
9 509
9 577
9 891
9 892
9 1514
9 1785
9 1786
10 23
10 25
10 57
10 103
10 104
10 113
10 114
10 316
10 345
10 351
10 352
10 439
10 496
10 642
10 771
10 795
10 923
10 994
10 1010
10 1036
10 1052
10 1068
10 1069
10 1074
10 1075
10 1079
10 1080
10 1524
11 188
11 190
11 331
11 416
11 826
11 839
11 1202
11 1638
12 13
12 14
12 15
12 18
12 19
12 20
12 21
12 75
15 67
15 68
15 699
15 713
15 714
15 908
15 909
15 910
15 911
15 912
15 913
15 1126
15 1127
15 1212
15 1365
15 1623
15 1624
15 1858
19 63
19 64
20 263
20 444
20 665
20 1107
21 72
21 73
21 74
21 77
21 1802
23 22
23 31
23 96
23 97
23 117
23 118
23 145
23 160
23 161
23 203
23 204
23 270
23 330
23 357
23 359
23 360
23 373
23 380
23 383
23 384
23 385
23 435
23 472
23 513
23 519
23 565
23 634
23 697
23 715
23 716
23 717
23 718
23 719
23 720
23 728
23 729
23 742
23 756
23 774
23 783
23 784
23 785
23 792
23 799
23 821
23 907
23 980
23 981
23 1019
23 1020
23 1130
23 1131
23 1132
23 1134
23 1157
23 1268
23 1314
23 1516
23 1622
23 1748
23 1752
23 1780
23 1859
23 1860
22 24
22 27
22 28
22 29
22 279
22 303
22 413
22 696
22 698
22 721
22 948
22 1200
22 1322
22 1799
22 1800
22 1801
25 42
25 547
25 553
25 722
25 862
25 898
25 989
25 990
25 991
25 992
25 995
25 996
25 1017
25 1652
26 108
26 180
26 371
26 544
26 625
26 732
26 760
26 769
26 837
26 885
26 962
26 963
26 964
26 965
26 966
26 967
26 970
26 971
26 972
27 182
27 185
27 196
27 205
27 210
27 223
27 224
27 225
27 227
27 228
27 251
27 427
27 428
27 429
27 635
27 1085
27 1259
27 1260
27 1261
27 1262
27 1263
27 1315
27 1431
27 1432
27 1572
28 1798
29 671
30 454
30 534
30 535
30 536
30 537
30 538
30 539
30 540
30 1670
30 1671
32 33
32 34
32 35
32 36
32 37
32 38
32 39
32 40
32 471
33 87
33 169
33 465
33 470
33 473
33 474
33 475
33 667
35 604
37 297
37 298
37 299
37 300
40 221
40 302
40 362
40 366
40 684
40 1210
40 1211
40 1589
40 1590
40 1591
40 1592
40 1593
42 41
42 111
42 620
42 621
42 622
42 1292
42 1999
44 43
44 49
44 50
44 61
44 100
44 101
44 109
44 125
44 142
44 144
44 150
44 166
44 201
44 217
44 233
44 234
44 235
44 236
44 295
44 489
44 497
44 498
44 499
44 501
44 505
44 506
44 557
44 558
44 559
44 563
44 564
44 637
44 641
44 662
44 663
44 712
44 746
44 796
44 827
44 828
44 830
44 835
44 836
44 874
44 877
44 900
44 915
44 927
44 949
44 973
44 974
44 1006
44 1031
44 1032
44 1033
44 1090
44 1171
44 1188
44 1201
44 1229
44 1241
44 1272
44 1294
44 1408
44 1410
44 1411
44 1412
44 1413
44 1414
44 1415
44 1416
44 1417
44 1418
44 1419
44 1420
44 1421
44 1422
44 1423
44 1424
44 1425
44 1426
44 1427
44 1428
44 1429
44 1445
44 1454
44 1569
44 1602
44 1674
44 1708
44 1714
44 1770
45 248
45 249
45 261
45 273
45 274
45 275
45 276
45 377
45 390
45 391
45 392
45 460
45 629
45 630
45 631
45 632
45 633
45 731
45 870
45 1054
45 1217
45 1277
45 1755
46 262
46 264
46 265
46 1100
46 1101
46 1430
47 628
47 751
47 1657
48 174
48 197
48 314
48 320
48 321
48 322
48 503
48 797
48 798
48 800
48 801
48 928
51 52
51 53
51 55
51 56
52 110
52 220
52 521
52 584
52 745
52 897
52 1009
52 1064
52 1094
52 1161
52 1182
52 1216
52 1227
52 1245
52 1270
52 1327
52 1465
52 1620
52 1704
52 1741
52 1766
52 1773
52 1783
53 239
53 376
53 387
53 440
53 441
53 491
53 493
53 551
53 650
53 725
53 739
53 863
53 871
53 933
53 935
53 936
53 937
53 1060
53 1082
53 1095
53 1096
53 1097
53 1098
53 1165
53 1189
53 1239
53 1280
53 1283
53 1289
53 1290
53 1291
53 1295
53 1296
53 1297
53 1298
53 1299
53 1300
55 858
55 872
55 873
55 1070
55 1782
56 242
57 112
57 1012
58 98
58 106
58 107
58 120
58 139
58 490
58 494
58 495
58 515
58 741
58 1008
58 1223
58 1557
58 1586
59 148
59 605
61 60
61 241
61 652
61 1954
62 187
62 240
63 79
63 80
63 85
63 147
63 257
63 258
63 259
63 266
63 267
63 268
63 269
63 271
63 272
63 280
63 281
63 282
63 283
63 284
63 285
63 286
63 287
63 288
63 289
63 290
63 291
63 292
63 293
63 294
63 301
63 304
63 305
63 306
63 307
63 308
63 309
63 310
63 311
63 466
63 467
63 468
64 146
64 451
64 452
64 469
64 542
64 767
64 1050
64 1388
64 1482
64 1483
65 90
65 198
65 199
65 200
65 202
65 206
65 207
65 208
65 209
65 212
65 213
65 214
65 215
65 216
65 218
65 219
65 222
65 226
65 229
65 230
65 231
65 312
65 480
65 520
65 523
65 570
65 571
65 572
65 668
65 755
65 782
65 860
65 945
65 1124
65 1173
65 1265
65 1266
65 1349
65 1369
65 1384
65 1584
65 1621
65 1645
65 1646
65 1812
65 1813
67 447
67 660
67 749
67 750
67 818
67 1021
67 1022
67 1023
67 1024
67 1025
67 1264
68 361
70 735
70 802
70 929
70 1030
70 1214
70 1547
75 93
75 94
75 194
75 1457
76 135
76 743
76 884
76 951
76 1136
76 1274
76 1356
79 78
79 1353
79 1485
79 1486
78 81
78 82
78 83
78 84
78 86
78 88
80 415
80 627
80 666
80 819
80 895
80 1007
80 1026
80 1027
80 1237
80 1240
80 1253
80 1254
80 1281
80 1571
80 1647
80 1716
80 1982
81 1133
81 1135
81 1951
82 680
82 681
82 682
82 1825
82 1826
82 1827
83 1939
84 353
84 406
84 411
84 412
84 414
84 670
85 393
85 450
85 791
85 814
85 820
85 1063
85 1103
85 1179
85 1187
85 1248
85 1346
85 1537
85 1538
85 1539
85 1540
85 1541
86 700
86 1518
86 1519
86 1520
86 1845
87 343
87 363
87 408
87 409
87 420
87 432
87 433
87 443
87 445
87 657
87 658
87 659
87 689
87 690
87 691
87 692
87 812
87 822
87 842
87 843
87 844
87 845
87 846
87 847
87 848
87 849
87 987
87 988
87 1040
87 1062
87 1156
87 1159
87 1190
87 1221
87 1246
87 1250
87 1252
87 1302
87 1477
87 1510
87 1517
87 1615
87 1631
87 1639
87 1641
87 1642
87 1643
87 1644
87 1697
87 1698
87 1699
87 1700
87 1703
88 153
88 533
89 541
89 886
89 887
89 1301
89 1505
89 1576
89 1834
89 1835
90 95
91 661
91 664
91 890
91 1061
91 1336
91 1846
93 1735
95 573
95 733
95 734
98 105
98 115
98 116
98 141
99 1719
100 611
100 612
100 613
100 653
102 243
102 615
102 616
102 673
102 706
102 770
102 901
102 922
102 924
102 926
102 931
102 1004
102 1105
102 1233
102 1323
102 1368
102 1440
102 1474
102 1497
102 1498
102 1499
102 1500
102 1501
103 555
103 579
103 772
104 483
104 976
108 1536
110 526
110 609
110 758
110 850
110 1128
110 1391
110 1490
110 1506
110 1508
110 1515
110 1532
110 1617
110 1625
110 1626
110 1669
110 1724
111 344
111 672
111 726
111 1028
111 1578
112 1016
112 1120
112 1466
115 1145
115 1282
115 1727
117 163
117 167
117 757
117 759
117 761
117 762
117 1306
117 1308
117 1435
117 1436
117 1667
117 1720
118 1666
119 899
119 1236
119 1329
121 1129
121 1535
121 1721
122 162
123 395
123 418
123 606
123 675
123 683
123 685
123 686
123 687
123 688
123 693
123 694
123 695
123 773
123 1106
123 1226
123 1342
123 1350
123 1351
123 1352
123 1354
123 1355
126 372
126 381
126 382
135 588
135 589
135 590
135 593
135 594
135 595
135 596
135 597
135 598
135 599
135 600
135 841
135 904
135 1037
135 1163
135 1164
135 1213
135 1616
135 1769
136 165
136 477
136 983
136 1055
136 1363
137 151
137 189
137 354
137 543
137 655
137 656
137 677
137 775
137 1091
137 1191
137 1222
137 1347
137 1442
137 1564
137 1663
140 487
140 943
140 1087
140 1181
140 1320
140 1437
140 1479
140 1513
140 1672
140 1694
140 1696
140 1779
140 1790
140 1997
142 1456
142 1772
143 1341
144 159
144 1319
144 1964
145 888
145 889
145 893
145 894
145 1172
145 1434
145 1493
145 1673
145 1692
145 1709
149 601
149 1362
149 1522
149 1685
149 1687
149 1725
149 1740
149 1787
150 1058
151 164
151 786
151 787
151 788
151 789
151 790
152 1044
152 1184
152 1192
152 1403
152 1496
153 1255
153 1357
153 1358
154 155
154 1444
154 1562
155 1914
155 1915
155 1916
156 334
156 1198
156 1311
156 1526
156 1585
157 417
157 511
157 512
157 763
157 1504
158 514
158 1038
158 1039
159 1001
160 651
163 793
163 1570
168 623
168 902
168 903
168 1013
168 1073
168 1121
168 1276
168 1307
168 1396
168 1680
169 752
169 876
169 1046
169 1138
169 1175
169 1243
169 1649
169 1693
169 1695
170 191
170 421
170 614
172 1310
176 975
176 1348
176 1605
177 708
177 1458
179 986
179 1111
179 1284
179 1376
179 1380
180 1805
180 1806
181 1777
182 183
182 184
183 1395
183 1744
185 1160
185 1919
188 1651
189 192
190 1984
191 1550
191 1661
192 479
192 1795
193 1203
193 1206
193 1400
193 1401
193 1402
193 1438
193 1487
197 319
197 328
197 624
197 1123
200 705
200 1286
200 1448
201 388
201 389
203 1574
203 1733
206 961
207 1042
208 753
208 754
208 1174
208 1176
208 1177
211 434
211 727
211 838
211 1034
211 1035
211 1220
211 1366
211 1662
211 1737
211 1738
222 453
222 781
222 1197
222 1579
229 394
229 419
229 1750
230 646
230 880
230 1183
230 1185
230 1186
233 232
233 459
233 831
233 832
233 833
233 834
233 1865
237 410
237 461
237 525
237 736
237 737
237 950
237 1011
237 1015
237 1089
237 1125
237 1169
237 1170
237 1331
237 1332
237 1404
237 1439
237 1441
237 1556
237 1568
237 1603
237 1604
237 1632
237 1633
237 1677
237 1717
237 1749
237 1794
237 1797
238 585
238 602
238 1247
238 1249
242 921
243 953
244 1509
248 1473
251 337
251 338
251 339
251 370
251 430
251 449
251 574
251 610
251 674
251 1003
251 1316
251 1317
251 1318
251 1361
251 1446
251 1447
251 1464
251 1533
251 1542
251 1614
251 1683
251 1746
251 1747
252 368
252 405
252 1238
252 1242
252 1244
256 1684
257 1278
257 1558
258 569
258 710
258 917
258 1285
258 1287
260 1180
260 1507
260 1525
260 1598
260 1710
260 1711
260 1712
260 1988
261 954
262 528
262 529
262 530
262 914
262 1093
262 1119
262 1122
264 916
267 1903
267 1904
267 1905
267 1906
267 1907
268 446
268 1154
270 1056
273 1397
273 1398
273 1399
280 1337
280 1976
281 869
290 1059
291 1313
291 1553
291 1618
292 941
292 1139
292 1140
292 1146
292 1343
292 1596
292 1678
296 701
296 702
296 703
296 704
296 1148
296 1594
297 851
297 1155
297 1158
297 1256
297 1866
298 852
298 1549
301 1882
301 1883
302 1776
313 524
314 527
316 315
316 1275
316 1650
315 317
315 1814
317 546
317 958
317 959
317 1548
317 1588
318 332
318 340
318 341
318 342
319 1480
319 1561
319 1940
319 1941
325 1092
330 896
332 1225
332 1552
332 1582
334 940
337 1840
337 1841
337 1842
344 1207
344 1565
345 350
345 355
345 364
345 365
345 367
345 369
345 1819
347 442
347 1000
347 1066
347 1067
347 1715
349 1076
349 1077
349 1078
351 747
352 1554
352 1637
352 1743
356 1481
356 1534
358 1312
358 1455
359 855
359 984
359 1443
365 484
365 1793
371 1147
371 1324
371 1587
371 1707
371 1722
371 1723
374 1288
374 1512
375 678
375 1739
376 1083
376 1084
376 1195
376 1196
376 1897
376 1898
376 1899
376 1900
376 1901
376 1902
378 1364
378 1449
378 1452
379 1581
396 397
396 398
396 399
396 400
396 403
396 404
397 676
397 1178
398 811
398 1110
399 815
399 816
399 817
399 1523
406 407
408 1144
408 1612
408 1767
409 1613
411 1848
411 1849
417 424
417 425
417 426
417 568
417 711
417 1137
417 1141
417 1142
417 1143
417 1149
417 1150
417 1151
417 1152
417 1153
420 422
420 423
420 431
420 1108
430 1543
434 438
436 1453
437 1230
438 1820
438 1821
438 1822
438 1823
438 1824
441 1234
441 1235
444 626
444 1114
444 1460
444 1461
444 1462
444 1463
444 1910
444 1911
444 1912
444 1913
446 1218
449 448
449 1577
456 1251
456 1660
456 1771
458 1215
458 1393
458 1689
458 1768
458 1791
459 1476
459 1765
463 1309
468 603
469 581
469 582
469 1887
472 1045
477 476
479 478
479 545
481 485
482 1658
482 1659
483 1718
483 1957
483 1958
483 1959
483 1960
483 1961
486 1920
489 1199
490 1756
493 730
496 1503
507 1209
510 1041
510 1057
510 1330
510 1333
510 1334
510 1335
510 1634
510 1654
510 1655
510 1656
513 1328
521 522
534 1736
535 1653
541 853
541 854
541 985
541 1303
544 1636
547 1836
550 1555
550 1559
550 1560
555 1014
555 1619
558 997
558 1789
560 1975
561 932
563 1956
568 567
568 1113
568 1675
567 1837
567 1838
567 1839
573 1386
575 583
575 587
576 1962
576 1963
577 1390
577 1472
577 1754
591 882
591 1279
601 977
604 1326
615 617
615 618
615 1843
615 1844
619 669
619 1257
619 1470
619 1471
619 1775
619 1781
619 1788
619 1796
620 1691
629 794
634 1580
637 636
637 638
640 639
640 644
646 645
646 1359
646 1551
646 1599
646 1600
646 1601
646 1881
647 1502
661 1929
661 1930
662 1321
669 1847
671 1018
675 1433
675 1635
675 1778
675 1784
675 1792
677 1850
685 803
685 804
685 805
685 806
685 807
685 808
685 809
685 810
685 1115
685 1116
685 1117
685 1118
685 1861
685 1862
685 1863
685 1864
695 1855
706 1851
706 1852
706 1853
709 1467
709 1468
709 1469
710 1219
712 1854
725 829
730 1817
730 1818
744 1627
745 1886
746 1492
747 1751
748 1544
748 1728
748 1729
759 1267
759 1383
767 766
767 1932
766 1856
777 776
776 779
776 780
779 1884
791 1208
794 1908
794 1909
811 813
813 1109
813 1273
813 1545
822 824
822 825
826 1702
855 856
855 857
864 865
864 866
864 867
864 868
864 1870
865 947
865 1803
865 1804
866 946
866 1102
868 1220
876 875
876 1043
876 1338
876 1389
876 1491
876 1679
876 1757
876 1758
876 1759
876 1760
876 1761
876 1762
876 1763
876 1764
875 1871
875 1872
875 1873
875 1874
875 1875
875 1876
875 1877
875 1878
877 1879
877 1880
880 881
881 1974
893 1977
907 1489
907 1686
918 919
919 1992
920 1931
921 1978
929 930
930 1996
931 1928
935 934
935 1344
935 1394
938 939
938 940
939 1640
939 1833
940 1575
940 1629
940 1630
943 942
943 1269
945 944
945 1258
945 1478
945 1648
945 1664
945 1665
947 1583
955 956
955 957
955 1630
956 1774
959 1753
962 1943
962 1944
977 1228
977 1546
983 982
997 998
997 999
1003 1595
1004 1925
1011 1676
1031 1989
1031 1990
1041 1888
1044 1889
1044 1890
1047 1048
1047 1049
1047 1051
1048 1985
1048 1986
1049 1231
1049 1232
1049 1713
1049 1731
1049 1732
1053 1459
1059 1969
1059 1970
1059 1971
1085 1086
1086 1628
1086 1867
1086 1868
1086 1869
1089 1968
1092 1927
1094 1099
1111 1112
1111 1894
1122 1945
1141 1972
1144 1935
1149 1983
1152 1937
1152 1938
1158 1991
1166 1167
1166 1168
1166 1219
1179 1895
1193 1194
1193 1311
1193 1488
1193 1527
1193 1529
1193 1815
1193 1816
1194 1953
1197 1917
1197 1918
1199 1885
1203 1205
1210 1325
1210 1828
1218 1952
1233 1682
1236 1345
1246 1484
1272 1271
1274 1829
1274 1830
1274 1831
1274 1832
1276 1387
1276 1668
1276 1730
1276 1742
1294 1726
1300 1405
1300 1406
1300 1407
1305 1495
1323 1921
1325 1965
1340 1339
1340 1521
1342 1807
1342 1808
1342 1809
1342 1810
1342 1811
1351 1942
1354 1734
1355 1936
1364 1926
1395 1933
1425 1973
1437 1934
1440 1980
1440 1981
1467 1947
1467 1948
1467 1949
1467 1950
1514 1995
1529 1528
1528 1955
1531 1891
1531 1892
1531 1893
1533 1922
1533 1923
1533 1924
1550 1966
1580 1690
1595 1993
1596 1597
1615 1967
1629 2000
1639 1979
1646 1857
1684 1688
1687 1701
1688 1946
1700 1998
1704 1705
1704 1706
1715 1987
1721 1896
1735 1745
1739 1994
